40 3000 5 10
0 a 12 8 1 5 2 3 3 2 6 2 9 2
0 a 14 15 1 3 2 1 3 6 5 9 12 8
1 a 7 11 1 1 1 7 2 1 6 6 7 2
1 a 10 26 3 26 3 7 7 11 8 26 9 18
1 a 5 28 1 2 2 27 4 12 5 14 5 19
2 a 7 23 3 10 6 7 6 17 7 9 7 18
2 a 14 12 5 10 7 11 9 7 13 6 13 10
2 a 3 7 2 7 2 6 2 6 3 3 3 4
3 a 15 18 3 18 5 3 9 8 11 17 12 13
3 a 8 11 3 2 4 1 5 5 6 1 7 11
3 a 14 14 6 9 8 3 9 7 9 0 11 10
3 a 15 29 7 8 11 6 12 20 14 28 15 26
3 a 11 20 3 4 4 16 6 7 10 17 11 11
4 a 19 19 4 17 5 8 7 7 12 9 16 1
4 a 13 29 9 27 9 25 11 18 11 28 13 9
4 a 7 25 5 9 5 12 6 8 6 9 7 12
5 a 16 8 8 8 8 5 11 0 14 5 16 8
5 a 14 28 6 15 12 25 12 20 13 13 13 1
5 a 7 22 6 11 6 3 7 7 7 14 7 11
6 a 6 26 6 16 6 4 6 2 6 14 6 23
6 a 13 25 7 4 7 25 8 9 9 6 12 10
8 a 23 16 9 10 10 9 13 13 15 12 18 3
8 a 11 8 8 6 8 1 9 1 11 3 11 5
8 a 13 17 8 2 10 14 11 1 11 2 12 0
9 a 15 28 9 4 11 4 14 22 14 25 15 13
9 a 15 5 9 1 9 5 11 4 12 0 15 4
9 a 22 20 17 6 18 4 21 20 21 10 22 9
10 a 23 18 10 3 12 1 14 2 15 10 22 1
10 a 13 30 10 18 10 15 11 28 11 6 13 15
11 a 18 28 12 14 12 4 14 27 14 20 17 25
11 a 25 9 13 7 14 5 18 2 20 7 21 3
11 a 24 25 16 5 16 10 19 18 22 0 23 6
11 a 19 10 11 10 12 10 12 0 13 1 14 5
12 a 18 30 12 27 15 1 15 9 16 9 18 13
12 a 15 23 12 7 12 1 14 11 15 3 15 1
12 a 25 23 13 15 18 12 19 3 19 0 20 17
13 a 14 22 13 16 13 10 13 16 14 1 14 15
13 a 28 22 16 10 23 11 23 16 26 11 28 15
13 a 22 22 14 18 17 2 20 14 21 17 22 18
14 a 23 11 15 6 16 9 19 7 22 3 23 5
15 a 26 6 20 0 23 6 25 3 25 3 25 2
15 a 20 13 16 4 17 10 17 1 18 13 19 10
15 a 25 22 15 9 18 6 18 12 19 8 23 17
15 a 25 7 15 5 19 5 20 1 21 1 22 3
16 a 20 20 17 18 18 11 19 8 20 6 20 15
18 a 23 24 18 14 18 16 19 0 19 13 19 5
19 a 24 22 19 1 20 17 20 4 20 20 21 14
20 a 33 30 25 21 25 28 26 25 26 16 26 20
20 a 25 16 20 5 22 7 22 8 25 9 25 12
20 a 33 14 22 5 23 11 24 1 31 10 33 11
21 a 35 6 23 0 30 6 30 5 32 2 34 3
21 a 24 13 21 12 21 12 21 2 22 8 23 0
22 a 33 19 25 13 25 17 26 1 29 18 31 9
22 a 26 20 22 20 23 19 24 5 24 11 25 4
23 a 23 11 23 9 23 9 23 7 23 5 23 2
23 a 36 18 23 10 25 5 26 13 29 8 32 9
24 a 38 8 31 3 32 2 35 7 37 6 37 3
25 a 34 30 25 11 27 0 30 1 32 20 34 11
27 a 31 21 28 21 30 21 30 1 30 18 31 0
28 a 37 5 30 4 31 3 33 3 35 4 36 5
29 a 36 11 30 4 30 1 31 4 32 5 33 10
29 a 36 13 31 0 32 11 34 0 34 4 36 3
29 a 32 21 29 1 30 5 30 14 31 19 31 0
30 a 36 14 30 1 32 0 32 3 34 10 34 14
30 a 39 6 30 2 31 2 33 6 36 3 39 0
31 a 43 15 33 0 33 9 37 0 37 7 43 1
31 a 45 6 33 3 33 6 38 3 40 5 42 5
31 a 34 23 31 23 32 14 33 1 33 22 34 1
32 a 36 27 32 1 33 13 33 23 34 6 35 15
32 a 41 8 34 4 37 3 37 4 40 4 41 7
32 a 34 24 32 1 33 1 33 11 34 10 34 1
32 a 33 7 32 4 32 3 32 7 33 0 33 0
33 a 35 14 33 11 33 4 33 1 34 5 34 11
34 a 39 25 34 10 35 2 37 15 38 7 39 23
35 a 44 26 35 25 37 2 44 3 44 6 44 18
36 a 36 22 36 3 36 4 36 7 36 21 36 20
36 a 41 12 38 2 38 2 39 5 39 4 39 7
38 a 53 16 39 12 40 5 45 16 46 10 52 0
38 a 46 27 42 2 42 18 42 19 45 25 46 6
38 a 49 18 41 4 42 0 43 4 43 3 45 1
38 a 50 15 38 5 42 14 47 9 47 0 50 14
38 a 53 28 40 8 43 4 47 26 52 18 53 11
39 a 52 11 41 4 41 3 42 10 43 0 43 11
39 a 54 30 44 20 44 17 46 19 47 30 48 12
40 a 48 22 41 15 42 12 43 21 46 5 46 5
40 a 51 5 43 3 45 0 46 5 49 1 50 3
40 a 54 21 40 19 47 15 49 1 51 6 54 19
41 a 45 14 41 5 42 12 42 13 42 2 45 12
41 a 41 15 41 3 41 12 41 5 41 8 41 3
42 a 44 13 42 0 42 0 43 7 43 8 44 2
42 a 53 5 43 2 45 3 46 0 50 1 50 4
42 a 43 14 42 6 42 7 42 14 43 3 43 9
42 a 53 24 42 3 43 21 48 0 50 22 52 2
42 a 47 17 43 13 45 0 45 1 46 16 46 0
43 a 58 28 43 4 52 4 53 14 55 6 57 26
44 a 58 10 47 7 49 6 50 9 54 0 57 2
44 a 50 5 45 5 45 1 45 3 47 3 47 1
44 a 44 11 44 5 44 10 44 10 44 5 44 11
45 a 51 12 45 10 47 1 47 2 47 9 51 12
45 a 57 15 47 5 49 11 52 11 52 14 57 0
