1000 100000 5 10 0 0 0 0 0 0 0 0 0
0 P0 10 10 3 0 8 1 4 1 3 6 2 10
0 P1 143 10 4 8 6 71 2 136 2 140 3 143
0 P2 142 20 15 35 15 62 9 104 7 135 16 142
0 P3 13 20 17 1 20 1 2 2 7 8 17 13
0 P4 81 10 2 0 9 28 4 45 3 62 1 81
0 P5 114 10 10 12 1 57 2 81 5 88 2 114
0 P6 16 20 4 0 18 1 2 4 19 15 18 16
0 P7 102 20 7 61 19 63 15 98 0 98 15 102
0 P8 79 20 10 1 18 29 10 39 14 69 12 79
0 P9 98 10 8 22 5 32 3 39 0 64 1 98
0 P10 49 20 4 12 0 37 12 38 1 40 2 49
0 P11 56 20 7 17 20 42 7 49 5 56 8 56
0 P12 104 20 18 63 12 75 6 85 5 98 19 104
0 P13 42 10 0 12 10 15 3 17 9 26 9 42
0 P14 1 10 2 0 10 0 5 0 1 0 2 1
0 P15 8 20 19 0 11 2 10 4 0 4 13 8
0 P16 13 10 0 5 1 8 7 11 5 13 4 13
0 P17 79 20 16 36 1 36 3 48 20 65 17 79
0 P18 79 10 6 21 6 28 5 47 4 58 7 79
0 P19 98 10 0 10 0 12 7 62 1 67 3 98
0 P20 129 10 0 9 9 51 9 96 5 96 10 129
0 P21 114 10 1 13 9 81 4 94 5 113 5 114
1 P22 114 20 10 22 17 36 5 60 10 76 20 114
1 P23 43 10 1 28 2 36 2 37 8 42 1 43
1 P24 40 10 5 14 8 26 9 32 9 36 0 40
1 P25 91 20 1 32 8 68 0 69 5 81 5 91
1 P26 146 20 16 38 0 72 13 80 5 129 12 146
1 P27 26 10 1 14 5 16 7 18 8 24 9 26
1 P28 25 20 4 3 2 6 2 13 7 24 3 25
1 P29 147 10 2 46 0 60 7 99 10 113 5 147
1 P30 144 20 3 54 10 63 11 86 8 130 15 144
1 P31 124 10 3 29 9 46 2 105 4 111 5 124
1 P32 131 20 4 47 5 66 14 118 19 127 4 131
1 P33 149 20 8 52 20 54 3 63 0 77 0 149
1 P34 91 10 0 18 6 30 3 73 6 86 0 91
1 P35 31 20 9 11 14 16 3 21 0 22 13 31
1 P36 97 20 9 10 6 18 0 21 12 85 10 97
1 P37 160 10 5 81 0 91 1 115 8 138 4 160
1 P38 51 10 1 5 10 7 10 10 10 21 4 51
1 P39 47 20 5 14 4 15 11 27 16 35 19 47
2 P40 42 10 9 16 8 19 7 29 9 33 0 42
2 P41 80 20 15 25 18 33 5 50 9 62 2 80
2 P42 54 30 20 32 9 35 10 49 23 51 22 54
2 P43 90 10 0 12 6 36 8 38 4 88 1 90
2 P44 61 20 15 15 2 36 15 54 9 60 1 61
2 P45 2 10 1 2 3 2 2 2 5 2 10 2
2 P46 105 10 10 10 0 11 1 27 1 103 7 105
2 P47 14 10 6 6 3 10 1 10 2 12 8 14
2 P48 110 20 3 30 2 66 18 90 16 95 13 110
2 P49 166 20 16 6 0 18 0 77 9 87 13 166
2 P50 129 10 7 10 5 58 4 62 8 118 4 129
2 P51 66 10 9 16 6 31 5 50 4 62 10 66
2 P52 70 20 14 9 0 23 20 53 0 61 5 70
2 P53 156 10 3 29 5 97 8 126 0 142 10 156
2 P54 125 20 6 13 0 41 18 59 11 74 11 125
2 P55 149 10 9 9 0 20 1 89 4 118 8 149
2 P56 138 20 4 73 11 78 11 90 4 108 5 138
2 P57 4 10 3 2 4 2 0 3 4 3 7 4
2 P58 106 10 6 49 0 69 7 81 10 90 10 106
2 P59 45 10 10 23 7 35 0 42 7 42 5 45
2 P60 36 20 1 4 4 11 10 18 5 26 4 36
2 P61 32 20 7 6 20 7 20 27 1 29 8 32
2 P62 98 20 18 16 5 25 12 37 4 79 20 98
2 P63 69 10 0 18 1 20 2 22 2 27 3 69
2 P64 59 20 19 11 15 35 18 47 20 59 12 59
2 P65 131 20 2 14 6 42 9 109 4 120 16 131
2 P66 97 10 7 23 0 43 1 57 6 75 0 97
2 P67 71 20 17 27 4 29 9 38 15 41 19 71
2 P68 121 20 4 5 12 5 0 32 6 95 14 121
2 P69 132 10 0 19 0 27 5 67 9 129 0 132
2 P70 13 10 2 6 0 7 1 12 5 13 7 13
2 P71 122 10 7 47 8 50 7 111 9 115 1 122
2 P72 7 10 0 2 9 3 1 3 2 7 7 7
2 P73 3 20 0 2 9 2 6 2 14 2 18 3
2 P74 99 10 0 8 5 52 8 74 5 86 6 99
2 P75 17 10 6 2 2 2 6 6 0 16 2 17
3 P76 71 20 14 10 9 13 9 15 1 55 18 71
3 P77 137 20 3 81 17 115 12 122 0 130 19 137
3 P78 79 10 8 16 10 20 1 57 3 69 7 79
3 P79 74 20 18 14 2 29 20 63 0 67 15 74
3 P80 111 20 19 17 7 28 17 35 0 40 4 111
3 P81 67 20 3 17 10 21 17 27 9 46 16 67
3 P82 131 30 29 5 3 37 10 37 4 84 23 131
3 P83 96 10 0 30 7 41 6 50 2 66 5 96
3 P84 119 20 3 49 9 74 2 78 12 106 17 119
3 P85 152 10 2 13 2 27 8 29 7 127 2 152
3 P86 153 10 3 10 8 81 10 94 2 144 3 153
3 P87 132 10 5 58 3 68 7 69 10 94 0 132
3 P88 58 20 2 32 20 44 2 47 1 53 16 58
3 P89 8 10 6 7 6 7 5 7 4 8 4 8
3 P90 38 10 2 3 9 19 4 29 2 36 1 38
3 P91 65 10 3 4 2 22 8 26 5 52 1 65
3 P92 105 10 4 36 3 36 8 42 7 79 2 105
3 P93 82 20 19 34 2 34 0 38 4 61 1 82
4 P94 36 20 15 16 3 18 15 19 12 21 6 36
4 P95 157 10 6 50 9 61 1 77 1 112 0 157
4 P96 80 10 4 6 6 23 5 37 3 39 4 80
4 P97 40 10 0 11 2 30 8 32 6 33 1 40
4 P98 76 20 11 39 6 56 20 59 1 72 17 76
4 P99 67 20 15 28 20 33 3 40 6 57 8 67
4 P100 80 10 4 9 9 41 2 56 5 62 0 80
4 P101 122 20 13 57 7 95 4 102 10 110 5 122
4 P102 70 20 19 30 1 55 17 57 14 58 19 70
4 P103 118 10 2 22 3 35 5 76 6 92 10 118
4 P104 74 10 10 19 0 37 4 53 8 59 0 74
4 P105 130 10 6 10 6 62 9 81 8 100 8 130
4 P106 135 10 1 6 4 61 3 62 10 96 5 135
4 P107 24 20 10 12 11 13 6 15 1 19 16 24
4 P108 4 10 4 4 0 4 9 4 10 4 5 4
4 P109 54 20 16 26 9 33 14 34 8 51 14 54
4 P110 76 30 11 26 30 35 22 37 20 45 19 76
4 P111 84 10 7 30 0 44 4 79 0 84 6 84
4 P112 52 30 7 8 28 28 20 31 23 34 18 52
4 P113 119 10 3 21 5 38 2 90 7 95 1 119
4 P114 30 20 15 9 0 10 2 15 16 22 17 30
4 P115 86 30 9 32 8 38 3 76 5 81 12 86
4 P116 157 10 4 12 2 24 5 34 8 44 6 157
4 P117 121 20 9 9 18 30 8 66 11 113 17 121
4 P118 102 10 7 28 6 42 0 71 0 94 4 102
4 P119 22 20 0 5 13 8 12 14 11 15 1 22
4 P120 51 10 2 7 1 8 3 33 4 41 9 51
4 P121 61 10 10 36 9 40 8 51 10 58 5 61
4 P122 27 10 6 9 0 14 9 20 10 25 0 27
4 P123 119 20 3 29 9 70 2 72 0 106 11 119
5 P124 17 10 10 7 9 9 7 11 8 15 0 17
5 P125 128 10 8 63 1 96 0 107 7 110 10 128
5 P126 113 20 14 40 17 60 17 62 7 76 0 113
5 P127 125 30 20 25 20 31 30 31 15 89 28 125
5 P128 85 10 2 9 9 26 0 48 10 49 10 85
5 P129 136 20 18 5 17 7 17 22 1 56 20 136
5 P130 98 10 0 38 9 47 2 64 10 76 7 98
5 P131 77 10 3 15 1 60 7 61 2 70 7 77
5 P132 30 20 16 9 3 13 8 16 10 26 3 30
5 P133 13 20 2 5 2 8 4 9 9 10 19 13
5 P134 79 10 8 39 3 57 8 72 3 72 8 79
5 P135 24 10 0 7 7 10 7 19 3 22 0 24
5 P136 22 10 8 5 4 7 7 10 0 17 8 22
5 P137 32 20 0 7 5 7 17 18 4 22 18 32
5 P138 68 20 13 12 7 17 6 31 4 43 8 68
5 P139 30 20 15 6 2 6 19 12 4 17 18 30
5 P140 124 10 0 5 0 25 9 54 4 57 4 124
5 P141 37 20 1 10 6 13 2 16 4 37 9 37
5 P142 88 20 11 5 12 20 16 34 12 70 9 88
6 P143 72 10 8 15 2 23 3 43 10 49 8 72
6 P144 92 10 3 55 10 58 1 65 6 75 7 92
6 P145 12 10 10 6 8 8 6 10 5 11 2 12
6 P146 14 20 0 10 11 10 2 13 4 13 5 14
6 P147 16 10 7 6 3 10 6 14 0 14 5 16
6 P148 42 10 4 26 0 26 3 30 3 31 10 42
6 P149 75 10 6 16 2 17 8 28 4 73 2 75
6 P150 91 10 6 28 4 43 1 55 5 64 3 91
6 P151 59 20 1 22 12 22 12 26 11 56 18 59
6 P152 44 20 18 8 18 28 15 35 20 42 1 44
6 P153 86 10 3 16 6 21 2 71 10 72 7 86
6 P154 108 10 2 11 3 41 4 107 7 108 4 108
6 P155 18 10 3 6 8 8 7 12 4 18 3 18
6 P156 161 10 5 86 4 116 3 123 8 156 1 161
6 P157 40 10 6 6 1 8 8 13 1 17 2 40
6 P158 77 10 5 47 7 55 4 65 0 66 8 77
6 P159 84 10 1 21 4 24 2 54 9 82 3 84
6 P160 47 20 1 22 10 22 10 32 0 42 14 47
6 P161 55 10 2 22 9 48 5 50 0 52 5 55
6 P162 66 10 2 19 1 27 4 34 9 44 3 66
6 P163 30 10 5 14 5 16 1 22 9 24 4 30
6 P164 112 20 11 10 16 58 8 69 16 109 7 112
6 P165 98 20 10 60 4 66 12 72 9 83 0 98
6 P166 66 10 4 17 2 18 6 26 3 53 5 66
6 P167 27 30 9 6 12 10 5 14 3 21 8 27
7 P168 104 20 2 12 2 37 0 87 14 98 8 104
7 P169 157 10 3 57 8 66 1 98 2 101 5 157
7 P170 101 20 0 7 13 9 6 25 20 100 17 101
7 P171 162 10 3 31 7 98 1 103 6 123 8 162
7 P172 58 10 0 17 7 29 1 35 10 43 8 58
7 P173 71 20 11 11 13 52 0 53 5 62 14 71
7 P174 8 20 16 7 12 7 2 7 16 7 1 8
7 P175 83 20 7 13 1 24 18 68 19 81 5 83
7 P176 7 10 7 7 7 7 7 7 10 7 9 7
7 P177 106 10 7 38 9 40 2 52 8 80 4 106
7 P178 22 10 4 9 3 12 5 20 0 21 8 22
7 P179 34 10 4 10 0 14 5 14 0 26 8 34
7 P180 112 20 15 15 4 26 2 60 7 105 14 112
7 P181 33 20 12 9 18 15 1 16 11 23 3 33
7 P182 99 10 1 13 7 30 0 47 10 63 1 99
7 P183 58 10 1 37 9 41 10 44 6 53 10 58
7 P184 37 10 3 10 6 12 0 16 7 28 9 37
7 P185 22 20 2 9 9 9 17 17 10 19 13 22
7 P186 112 10 6 33 7 70 3 73 7 96 5 112
7 P187 75 10 6 15 3 23 1 53 0 69 8 75
7 P188 54 10 10 31 9 31 1 53 2 53 4 54
7 P189 41 10 10 10 4 11 10 34 6 38 6 41
7 P190 59 10 8 10 8 18 10 20 10 34 10 59
7 P191 56 20 7 12 4 36 4 44 0 45 3 56
7 P192 11 20 9 9 1 9 20 9 17 10 13 11
7 P193 35 30 14 11 6 18 21 30 22 31 30 35
7 P194 111 10 6 19 0 46 3 50 3 93 3 111
7 P195 7 10 8 7 5 7 7 7 2 7 5 7
7 P196 108 10 5 38 8 71 1 84 8 107 8 108
7 P197 56 20 11 17 12 28 18 32 9 52 11 56
7 P198 95 10 10 16 10 26 8 51 1 64 10 95
8 P199 110 10 6 58 7 66 4 77 2 103 0 110
8 P200 34 20 1 13 4 20 14 22 20 28 7 34
8 P201 115 10 1 42 9 52 1 52 4 108 5 115
8 P202 114 10 8 29 3 57 0 90 8 101 1 114
8 P203 63 10 6 23 9 35 4 36 1 39 10 63
8 P204 73 20 10 8 0 33 16 37 17 52 0 73
8 P205 82 10 3 9 0 17 9 26 7 56 3 82
8 P206 126 10 6 25 8 26 2 57 8 96 8 126
8 P207 41 10 5 17 6 18 7 23 1 40 9 41
8 P208 78 10 7 18 1 23 5 42 1 73 1 78
8 P209 134 10 3 70 0 99 4 112 10 131 1 134
8 P210 64 30 4 30 28 40 12 49 23 61 26 64
8 P211 48 10 2 9 6 17 7 23 1 35 9 48
8 P212 18 10 10 9 10 10 9 14 1 18 0 18
8 P213 132 20 9 16 2 26 19 58 18 78 10 132
8 P214 91 20 5 31 20 53 1 60 3 75 4 91
8 P215 35 30 13 15 18 18 23 27 3 28 11 35
8 P216 138 10 3 30 1 32 10 56 1 107 4 138
8 P217 24 20 0 16 14 17 0 19 11 24 20 24
9 P218 48 10 10 10 8 21 10 24 5 38 0 48
9 P219 147 20 2 36 7 36 4 84 20 102 17 147
9 P220 39 20 2 11 8 25 0 30 4 36 20 39
9 P221 22 30 26 11 7 15 11 18 13 21 10 22
9 P222 103 10 3 9 5 22 1 90 4 92 0 103
9 P223 45 10 5 20 10 27 7 33 4 34 4 45
9 P224 49 10 6 12 7 14 6 32 7 39 10 49
9 P225 82 10 3 33 2 35 7 39 9 81 7 82
9 P226 13 10 6 9 9 9 10 11 2 12 3 13
9 P227 86 10 0 19 9 24 3 31 3 36 2 86
9 P228 62 20 3 11 17 15 12 27 2 28 7 62
9 P229 92 10 3 53 1 70 10 81 0 83 3 92
9 P230 101 10 0 39 2 67 2 76 8 80 5 101
9 P231 72 20 8 31 14 34 18 45 5 46 8 72
9 P232 67 20 5 29 13 30 4 31 15 39 14 67
9 P233 85 10 2 34 0 53 1 54 4 79 1 85
9 P234 36 10 2 16 0 17 3 23 7 35 7 36
9 P235 97 10 6 25 9 36 4 68 0 73 9 97
9 P236 45 20 11 14 7 14 13 24 17 26 11 45
10 P237 75 10 9 11 9 32 5 52 2 73 8 75
10 P238 78 20 8 15 15 47 13 65 9 72 11 78
10 P239 82 20 17 11 0 19 15 26 17 49 7 82
10 P240 22 30 18 11 11 18 12 20 21 20 1 22
10 P241 15 10 7 11 3 11 10 14 9 14 6 15
10 P242 101 20 18 41 1 61 14 61 20 95 20 101
10 P243 44 10 3 13 7 14 4 23 3 39 7 44
10 P244 73 10 10 10 8 28 4 35 10 65 3 73
10 P245 62 10 8 11 8 32 5 45 7 60 5 62
10 P246 122 20 3 28 0 73 16 84 5 84 6 122
10 P247 41 10 2 16 9 18 10 25 3 31 4 41
10 P248 128 30 18 12 5 64 6 108 0 110 0 128
10 P249 84 10 10 10 0 32 1 51 5 56 5 84
10 P250 118 20 11 23 19 45 0 55 3 105 15 118
10 P251 13 20 5 10 13 10 4 10 4 12 17 13
10 P252 92 20 16 15 10 46 8 49 18 69 18 92
10 P253 144 10 5 10 10 53 8 59 7 91 2 144
10 P254 50 10 8 11 9 32 5 41 2 47 8 50
10 P255 76 10 8 10 5 13 0 46 7 55 1 76
10 P256 11 10 0 10 9 10 10 11 10 11 6 11
10 P257 64 20 9 31 4 33 3 42 11 61 9 64
10 P258 100 10 8 34 9 61 5 91 2 99 10 100
10 P259 128 20 2 14 15 53 6 65 15 74 15 128
11 P260 94 10 8 21 6 34 10 36 1 88 5 94
11 P261 89 20 14 24 16 32 12 66 6 75 12 89
11 P262 57 10 9 18 10 24 5 38 0 50 10 57
11 P263 17 10 1 12 8 14 9 15 5 16 1 17
11 P264 93 30 12 16 9 38 8 72 29 75 20 93
11 P265 87 10 5 14 5 22 5 31 9 36 8 87
11 P266 11 20 4 11 10 11 17 11 13 11 5 11
11 P267 86 20 11 27 13 27 10 27 11 81 6 86
11 P268 38 20 17 13 4 17 1 17 7 22 16 38
11 P269 54 10 8 11 10 38 3 44 8 49 7 54
11 P270 97 20 8 17 14 68 2 90 17 93 17 97
11 P271 76 20 4 35 15 36 14 36 5 68 7 76
11 P272 79 20 1 16 4 40 6 41 4 72 19 79
11 P273 61 10 9 27 4 30 10 50 10 57 3 61
11 P274 72 20 14 14 11 35 13 63 3 66 13 72
11 P275 156 20 6 21 20 111 15 122 5 132 14 156
11 P276 27 10 2 11 8 17 7 18 8 25 10 27
11 P277 160 10 8 14 6 100 4 133 2 141 3 160
11 P278 25 10 4 14 5 23 4 24 1 24 2 25
11 P279 84 10 8 24 4 70 10 78 6 83 10 84
11 P280 91 10 4 13 10 26 5 52 8 77 4 91
11 P281 27 10 5 15 8 17 2 19 5 19 2 27
11 P282 122 20 10 19 19 42 4 61 18 94 0 122
11 P283 51 10 2 13 9 14 5 31 8 40 3 51
11 P284 15 20 2 11 17 12 20 12 9 13 2 15
12 P285 110 10 4 16 9 66 8 96 0 105 10 110
12 P286 39 10 10 14 9 15 2 23 10 30 6 39
12 P287 30 10 5 13 9 14 10 22 2 27 8 30
12 P288 69 20 15 12 19 31 3 41 1 54 1 69
12 P289 23 10 6 20 7 22 10 22 6 22 7 23
12 P290 76 20 18 12 7 44 1 46 17 61 10 76
12 P291 124 10 5 17 2 49 3 62 6 120 7 124
12 P292 44 20 17 12 9 25 16 27 16 28 7 44
12 P293 114 20 7 16 5 27 8 75 8 97 2 114
12 P294 75 20 19 25 2 40 17 65 5 67 2 75
12 P295 45 20 4 17 18 28 14 28 7 39 10 45
12 P296 112 20 20 37 0 42 0 82 15 109 4 112
12 P297 90 20 1 15 18 45 16 51 14 51 18 90
12 P298 22 10 8 14 6 16 7 18 8 20 5 22
12 P299 108 10 8 48 8 86 3 87 10 107 1 108
13 P300 118 10 5 22 2 68 7 69 9 95 9 118
13 P301 65 10 7 22 3 33 7 52 2 55 7 65
13 P302 125 10 0 26 6 67 4 103 4 111 9 125
13 P303 123 10 8 80 10 89 10 105 10 109 3 123
13 P304 51 20 10 21 17 27 17 43 16 43 3 51
13 P305 38 10 10 19 6 25 0 27 4 34 10 38
13 P306 76 20 1 19 9 32 4 51 5 53 14 76
13 P307 33 10 4 14 5 16 3 16 1 23 5 33
13 P308 158 10 0 27 9 55 6 77 0 155 0 158
13 P309 65 10 8 15 10 22 5 52 3 62 1 65
13 P310 165 20 0 14 9 67 4 96 17 138 6 165
13 P311 107 30 16 17 1 41 11 55 16 97 3 107
13 P312 59 10 5 20 6 43 1 46 9 58 6 59
13 P313 95 20 16 23 2 66 20 67 20 78 6 95
13 P314 74 10 3 24 4 51 10 55 0 59 10 74
13 P315 36 10 2 18 6 20 3 22 8 27 4 36
13 P316 135 10 8 36 9 42 6 48 7 69 8 135
13 P317 158 10 9 32 8 52 9 115 8 116 8 158
13 P318 38 10 7 16 10 23 3 26 4 34 10 38
13 P319 88 20 2 34 2 48 1 59 16 87 18 88
13 P320 61 10 5 28 1 44 3 51 6 59 2 61
13 P321 64 10 0 14 4 51 8 55 1 58 1 64
13 P322 31 10 0 17 6 20 6 23 3 25 1 31
14 P323 135 20 7 76 15 77 18 87 20 101 5 135
14 P324 62 20 2 21 19 53 20 53 2 60 11 62
14 P325 97 20 6 56 11 61 14 87 11 90 3 97
14 P326 21 20 14 14 3 14 20 15 9 17 10 21
14 P327 91 10 7 26 6 28 0 47 3 71 5 91
14 P328 91 20 8 15 18 31 16 41 20 78 10 91
14 P329 61 10 0 36 4 36 5 53 4 57 7 61
14 P330 102 10 7 51 2 74 5 97 9 97 1 102
14 P331 45 20 16 14 16 23 6 26 10 29 1 45
14 P332 135 20 15 68 10 69 5 124 8 131 20 135
14 P333 119 10 4 36 8 63 2 92 4 105 10 119
14 P334 64 20 3 37 12 50 8 55 12 61 6 64
14 P335 80 30 2 22 10 35 3 39 22 76 7 80
14 P336 35 10 7 14 5 16 6 29 2 29 4 35
14 P337 43 10 5 29 2 32 4 32 3 36 7 43
15 P338 110 10 1 27 1 49 5 52 0 66 6 110
15 P339 83 20 14 28 10 52 20 55 2 70 12 83
15 P340 93 10 1 64 0 71 8 78 6 86 10 93
15 P341 101 10 5 26 3 59 6 62 5 67 6 101
15 P342 124 10 10 15 1 43 0 67 9 98 7 124
15 P343 51 10 2 29 6 34 1 35 3 43 5 51
15 P344 15 10 2 15 4 15 1 15 2 15 6 15
15 P345 108 20 10 18 10 23 15 34 1 47 3 108
15 P346 90 10 0 68 6 74 3 76 0 87 2 90
15 P347 55 10 0 25 1 35 1 51 5 52 3 55
15 P348 75 10 4 29 4 31 9 47 10 70 5 75
15 P349 102 20 14 16 2 29 19 49 4 61 7 102
15 P350 90 10 3 52 10 56 4 67 5 87 2 90
15 P351 25 20 5 15 16 20 17 23 7 24 6 25
15 P352 50 20 19 29 12 31 13 44 4 46 11 50
15 P353 136 10 6 27 1 29 10 80 2 103 10 136
15 P354 49 20 19 20 15 30 6 45 7 48 12 49
16 P355 49 20 13 16 15 17 11 41 9 47 4 49
16 P356 29 10 1 16 5 19 3 19 1 20 4 29
16 P357 58 20 16 24 13 26 2 40 10 47 17 58
16 P358 92 20 1 27 7 49 10 75 10 76 10 92
16 P359 132 10 5 30 5 51 7 59 1 132 3 132
16 P360 102 10 6 16 1 69 0 92 1 101 8 102
16 P361 28 10 9 17 2 19 10 20 3 20 1 28
16 P362 18 30 14 16 26 16 28 16 27 18 9 18
16 P363 78 10 8 19 0 27 3 45 6 70 3 78
16 P364 81 10 10 22 7 24 4 49 5 73 8 81
16 P365 57 10 2 19 0 26 0 27 8 28 4 57
16 P366 22 20 12 18 5 18 14 18 7 19 6 22
16 P367 47 20 11 27 3 34 14 38 14 46 1 47
16 P368 96 10 6 25 10 63 3 76 10 94 7 96
16 P369 123 10 3 39 7 73 10 91 6 100 10 123
16 P370 129 10 2 19 0 52 5 67 9 125 7 129
17 P371 38 10 2 20 6 21 9 22 9 27 6 38
17 P372 56 10 10 26 2 34 5 49 3 55 1 56
17 P373 94 10 9 36 4 47 5 58 0 78 4 94
17 P374 77 10 4 27 6 29 0 52 7 60 9 77
17 P375 32 10 6 21 8 25 9 28 2 31 3 32
17 P376 17 10 2 17 6 17 1 17 2 17 3 17
17 P377 121 10 0 34 8 46 8 57 5 92 2 121
17 P378 81 10 3 25 8 42 2 53 10 55 1 81
17 P379 58 20 13 40 9 40 13 51 15 55 18 58
17 P380 62 20 3 20 14 21 14 30 5 33 5 62
17 P381 20 10 3 17 3 17 1 19 9 20 0 20
17 P382 76 20 1 26 12 33 9 33 3 43 9 76
17 P383 102 20 17 18 13 31 8 69 16 94 14 102
17 P384 82 10 9 39 3 54 8 75 9 76 8 82
17 P385 43 20 14 21 18 22 20 39 8 41 3 43
17 P386 149 20 11 36 7 51 10 80 19 129 13 149
17 P387 60 10 8 22 7 25 8 28 8 38 3 60
17 P388 132 10 6 24 1 61 7 109 2 118 3 132
17 P389 80 10 7 49 8 53 2 64 4 67 7 80
17 P390 115 20 4 19 2 70 1 87 18 88 3 115
17 P391 73 20 20 22 11 43 10 52 4 62 10 73
17 P392 24 10 4 17 1 18 6 19 6 24 0 24
17 P393 33 10 3 18 0 23 0 25 3 32 3 33
17 P394 126 10 5 58 1 68 0 93 1 105 1 126
17 P395 92 10 8 22 2 25 8 27 10 64 5 92
17 P396 39 20 16 21 1 23 7 29 10 39 18 39
17 P397 72 10 9 27 1 27 4 40 2 68 5 72
17 P398 135 10 5 58 5 66 7 85 8 115 3 135
17 P399 43 20 7 22 5 22 14 26 19 33 20 43
18 P400 29 20 17 18 4 22 18 25 18 28 16 29
18 P401 128 10 10 47 2 65 3 84 9 85 3 128
18 P402 32 10 10 23 4 24 5 25 4 31 1 32
18 P403 29 20 7 20 6 24 5 25 10 28 6 29
18 P404 88 10 3 25 1 55 5 62 5 82 1 88
18 P405 19 10 10 18 5 18 7 18 3 19 7 19
18 P406 113 20 5 22 7 33 10 67 16 81 18 113
18 P407 41 10 0 18 6 19 6 21 2 33 3 41
18 P408 34 10 3 19 4 19 6 22 3 29 10 34
18 P409 117 10 7 41 6 50 8 51 8 88 7 117
18 P410 62 10 8 31 10 34 0 47 4 60 7 62
18 P411 69 10 4 25 10 46 3 49 7 58 8 69
18 P412 138 10 8 67 4 77 2 91 8 126 5 138
18 P413 23 20 20 19 16 20 18 20 16 21 14 23
18 P414 60 10 1 20 7 26 3 41 9 52 6 60
18 P415 121 20 11 26 9 50 17 53 7 87 14 121
18 P416 93 20 14 26 10 54 4 55 6 71 9 93
18 P417 133 10 7 18 4 22 9 27 7 35 6 133
18 P418 55 10 4 18 3 40 10 50 2 53 2 55
18 P419 122 30 25 21 11 66 23 98 5 120 6 122
18 P420 105 10 7 33 6 39 0 47 6 73 10 105
18 P421 81 10 6 28 6 33 4 56 3 74 5 81
18 P422 100 20 17 35 13 44 7 60 16 70 17 100
19 P423 77 20 13 23 14 24 19 32 8 73 5 77
19 P424 20 10 6 19 7 20 9 20 0 20 2 20
19 P425 41 10 1 20 4 25 3 25 10 34 10 41
19 P426 111 10 2 22 6 84 1 94 10 101 3 111
19 P427 93 10 1 51 4 55 6 68 9 84 10 93
19 P428 31 10 8 20 0 22 9 23 3 30 6 31
19 P429 110 20 8 27 1 45 17 49 1 66 3 110
19 P430 86 10 2 28 8 42 8 70 8 83 8 86
19 P431 90 20 17 55 0 60 4 71 0 76 20 90
19 P432 101 10 2 78 0 80 6 83 7 89 4 101
19 P433 52 20 2 28 19 35 8 44 10 51 7 52
19 P434 61 10 4 25 10 30 6 34 3 55 3 61
19 P435 30 10 9 20 3 21 6 24 6 25 8 30
19 P436 94 10 4 28 1 30 9 45 9 86 8 94
19 P437 163 10 2 82 0 89 8 127 1 143 4 163
20 P438 88 10 8 32 9 42 5 44 5 86 4 88
20 P439 120 10 1 43 3 84 0 86 7 119 8 120
20 P440 82 20 12 38 18 45 16 67 13 77 7 82
20 P441 57 20 9 23 0 33 7 37 19 49 19 57
20 P442 83 10 5 21 4 46 1 53 6 80 1 83
20 P443 123 10 0 47 5 85 7 90 2 100 2 123
20 P444 109 20 12 27 4 47 6 71 19 104 10 109
20 P445 26 20 16 20 0 25 9 25 12 25 13 26
20 P446 109 20 2 35 10 46 3 78 6 86 5 109
20 P447 61 20 6 28 4 28 5 42 1 44 14 61
20 P448 142 20 13 22 18 90 6 104 8 138 20 142
20 P449 54 10 3 25 3 26 4 40 8 44 5 54
20 P450 113 20 1 22 19 78 14 92 9 104 18 113
20 P451 96 10 7 21 4 70 3 75 9 84 10 96
20 P452 105 20 17 35 11 56 6 73 15 86 20 105
20 P453 111 10 3 64 8 84 7 90 0 96 8 111
20 P454 54 10 3 27 2 30 0 42 2 48 3 54
20 P455 144 10 5 58 1 60 4 115 10 121 4 144
20 P456 102 30 9 26 28 33 2 56 30 78 22 102
20 P457 85 20 7 35 9 52 17 58 0 85 6 85
21 P458 44 20 13 30 15 36 7 36 6 40 4 44
21 P459 53 20 12 21 4 29 13 44 10 50 7 53
21 P460 39 20 2 27 13 29 19 35 19 38 3 39
21 P461 70 20 17 25 11 41 13 46 18 68 19 70
21 P462 123 20 10 25 10 26 1 47 17 118 20 123
21 P463 107 20 13 31 15 39 19 85 10 106 13 107
21 P464 91 10 4 36 10 51 6 60 10 66 7 91
21 P465 123 10 4 22 10 62 5 92 2 112 6 123
21 P466 115 10 10 57 2 84 9 93 6 109 10 115
21 P467 126 10 1 34 7 56 8 59 0 80 1 126
21 P468 54 10 9 21 4 33 2 37 8 40 3 54
21 P469 22 10 5 21 4 22 7 22 3 22 0 22
21 P470 167 20 4 54 6 120 1 128 7 160 8 167
21 P471 39 10 2 22 10 24 5 27 2 39 1 39
21 P472 136 20 14 54 16 55 11 89 18 98 5 136
21 P473 27 10 0 21 5 22 7 26 0 26 1 27
21 P474 59 20 15 21 1 37 2 49 12 52 14 59
21 P475 54 10 1 21 7 24 2 44 10 53 0 54
21 P476 38 10 2 28 10 29 7 36 9 37 7 38
21 P477 82 10 1 24 10 29 4 56 9 65 2 82
21 P478 85 10 10 27 5 39 8 43 2 45 8 85
21 P479 65 20 17 25 13 35 8 42 1 62 1 65
22 P480 101 10 7 58 6 59 10 87 6 99 2 101
22 P481 83 10 5 30 4 43 1 52 9 77 8 83
22 P482 72 10 0 26 5 33 7 50 2 67 4 72
22 P483 134 10 7 71 9 74 9 81 5 102 10 134
22 P484 73 20 13 29 0 51 3 61 13 68 13 73
22 P485 140 20 10 37 11 56 6 75 12 96 4 140
22 P486 107 10 10 41 3 66 9 102 8 103 4 107
22 P487 61 20 18 33 1 42 16 46 9 53 2 61
22 P488 156 10 0 47 4 56 7 68 0 85 9 156
22 P489 143 20 2 32 1 53 9 61 20 71 0 143
22 P490 100 10 0 48 0 69 7 77 3 87 4 100
22 P491 95 10 4 22 0 24 9 35 0 74 6 95
22 P492 70 10 9 28 1 37 2 50 4 63 9 70
22 P493 129 20 19 27 4 55 10 73 3 108 4 129
22 P494 34 20 5 26 13 29 12 30 11 32 16 34
22 P495 135 20 15 92 6 108 7 133 18 134 10 135
22 P496 80 10 8 44 5 47 9 49 7 52 3 80
22 P497 59 10 9 28 0 32 6 42 9 55 1 59
23 P498 152 10 10 43 6 49 9 75 4 124 3 152
23 P499 101 10 9 42 8 48 7 63 8 75 6 101
23 P500 158 20 16 36 5 58 12 70 9 75 8 158
23 P501 60 10 9 24 5 27 10 48 7 59 5 60
23 P502 130 10 3 24 3 71 9 95 0 119 2 130
23 P503 35 20 13 23 20 26 19 27 2 35 17 35
23 P504 113 10 9 23 3 25 10 46 2 104 1 113
23 P505 91 10 2 38 10 52 4 59 8 76 1 91
23 P506 25 10 2 24 3 24 7 25 9 25 1 25
23 P507 91 20 14 28 1 42 14 54 19 79 20 91
23 P508 45 10 4 25 9 29 4 36 7 42 7 45
23 P509 41 10 10 25 1 32 10 37 10 40 0 41
23 P510 41 20 7 30 20 32 15 36 8 39 15 41
23 P511 51 10 9 26 10 29 5 36 0 49 1 51
24 P512 68 10 8 33 1 52 4 62 6 66 0 68
24 P513 116 10 6 24 2 26 2 32 0 105 0 116
24 P514 152 10 8 40 10 41 4 92 0 105 5 152
24 P515 71 10 0 40 2 44 4 58 6 63 4 71
24 P516 49 10 6 25 8 32 2 35 10 43 3 49
24 P517 39 10 9 29 5 33 3 36 2 39 5 39
24 P518 136 10 10 25 6 62 3 76 3 122 4 136
24 P519 136 10 9 30 0 59 2 81 4 83 4 136
24 P520 53 20 16 27 7 33 6 41 3 41 10 53
24 P521 37 20 14 26 18 29 13 29 7 29 3 37
24 P522 109 10 7 39 3 90 10 99 5 105 0 109
24 P523 106 10 10 31 1 61 6 62 0 94 7 106
24 P524 88 20 15 43 19 48 9 72 11 79 17 88
24 P525 44 10 8 25 8 30 7 33 9 34 9 44
24 P526 34 10 7 27 9 28 3 31 2 34 2 34
24 P527 24 20 5 24 12 24 10 24 16 24 13 24
24 P528 81 10 4 34 9 56 6 65 2 74 2 81
24 P529 79 10 4 24 2 26 10 47 10 77 5 79
24 P530 105 10 10 28 9 47 6 62 7 74 5 105
24 P531 54 10 10 33 4 42 1 48 1 48 4 54
24 P532 50 20 0 25 7 26 20 32 17 42 16 50
24 P533 64 20 7 24 10 44 10 45 10 62 11 64
24 P534 143 10 7 77 5 84 8 120 8 136 7 143
24 P535 28 10 9 24 8 24 10 26 8 26 6 28
24 P536 25 20 12 24 7 24 6 25 11 25 0 25
24 P537 140 10 9 106 4 111 3 121 10 140 7 140
24 P538 158 10 2 25 9 35 9 71 3 151 5 158
25 P539 51 10 0 37 9 39 9 49 7 49 7 51
25 P540 106 10 0 26 8 42 6 46 6 88 4 106
25 P541 96 10 8 29 9 30 3 85 7 89 4 96
25 P542 113 10 5 36 4 37 4 39 3 46 6 113
25 P543 153 10 4 57 5 74 9 135 2 151 8 153
25 P544 143 20 17 63 9 76 0 87 7 93 15 143
25 P545 84 10 3 28 3 53 10 56 10 59 9 84
25 P546 64 20 20 27 8 39 3 44 0 60 17 64
25 P547 34 10 6 27 3 28 10 30 7 33 6 34
25 P548 100 10 6 34 2 82 5 94 4 97 9 100
25 P549 77 10 0 50 7 50 5 66 7 67 9 77
25 P550 31 10 4 25 5 27 7 27 3 30 10 31
25 P551 39 10 3 25 1 27 4 35 1 38 7 39
25 P552 93 20 19 35 19 48 20 74 19 83 1 93
25 P553 101 20 2 61 19 76 12 88 10 97 11 101
25 P554 89 20 8 29 1 37 9 69 4 83 12 89
25 P555 87 10 7 32 9 50 4 57 1 86 2 87
25 P556 84 20 1 32 16 35 9 80 4 83 8 84
25 P557 33 10 9 29 7 29 10 29 6 30 8 33
25 P558 158 10 5 39 9 47 8 60 6 86 10 158
25 P559 57 20 18 51 13 53 7 53 2 54 10 57
25 P560 142 20 4 25 1 28 4 46 4 98 8 142
25 P561 79 10 6 25 9 32 10 45 4 55 6 79
25 P562 44 20 2 25 16 28 11 29 6 38 11 44
25 P563 25 10 7 25 3 25 0 25 2 25 8 25
25 P564 121 20 10 31 3 59 11 101 8 117 2 121
25 P565 42 20 9 31 13 32 17 38 4 42 11 42
26 P566 38 10 4 31 0 35 5 37 9 37 5 38
26 P567 67 20 7 26 7 28 11 52 6 62 14 67
26 P568 164 10 9 75 4 91 3 110 10 158 10 164
26 P569 62 10 8 39 1 55 0 57 5 58 4 62
26 P570 78 20 8 43 4 43 10 43 15 61 1 78
26 P571 79 20 16 38 10 38 14 57 9 76 6 79
26 P572 102 20 12 37 3 65 0 65 12 67 8 102
26 P573 136 20 19 73 20 101 10 117 18 127 12 136
26 P574 90 10 2 40 9 57 9 63 4 68 1 90
26 P575 154 20 11 30 18 83 14 105 9 130 19 154
26 P576 84 10 6 28 6 47 3 58 4 81 7 84
26 P577 30 20 14 27 0 28 16 30 14 30 9 30
26 P578 32 20 10 26 1 28 10 29 2 30 4 32
26 P579 62 20 2 26 3 37 3 44 11 45 6 62
26 P580 79 10 5 28 0 32 6 44 8 59 5 79
26 P581 158 20 12 31 20 82 10 130 2 154 6 158
26 P582 162 10 6 100 5 116 0 130 9 147 5 162
26 P583 98 20 2 56 9 64 5 93 8 97 8 98
26 P584 81 20 11 35 11 44 19 52 15 72 14 81
26 P585 91 10 3 36 4 36 10 56 6 70 3 91
26 P586 124 10 2 51 3 60 6 80 1 119 5 124
26 P587 134 10 7 58 7 101 10 118 2 128 8 134
26 P588 46 10 10 26 7 28 2 37 5 39 0 46
26 P589 79 20 11 42 6 50 1 51 8 58 5 79
26 P590 69 10 2 46 1 53 1 55 8 68 3 69
27 P591 106 10 2 44 1 52 4 81 2 95 3 106
27 P592 49 10 2 29 4 29 0 48 10 48 0 49
27 P593 35 10 6 27 10 28 10 30 7 35 2 35
27 P594 126 10 9 58 3 63 6 85 2 102 0 126
27 P595 45 10 4 28 10 30 5 35 0 40 0 45
27 P596 100 20 6 30 8 35 7 43 10 91 10 100
27 P597 88 20 16 43 3 43 10 45 20 71 6 88
27 P598 101 20 12 51 18 80 12 92 6 100 17 101
27 P599 85 10 2 27 2 31 0 44 7 67 9 85
27 P600 47 10 0 31 8 40 2 41 1 45 0 47
27 P601 99 10 4 41 8 56 6 80 10 86 5 99
27 P602 36 30 15 27 0 32 21 33 9 34 12 36
27 P603 99 10 6 35 6 42 3 50 2 54 2 99
27 P604 86 10 3 58 2 62 5 77 8 83 6 86
27 P605 115 10 1 27 10 92 0 93 10 94 6 115
27 P606 90 20 17 28 5 49 13 65 11 68 13 90
27 P607 29 10 1 27 5 27 4 28 4 29 6 29
27 P608 118 10 9 40 5 68 9 94 10 118 0 118
27 P609 66 10 4 32 6 36 3 51 6 62 1 66
27 P610 148 10 2 117 9 122 0 131 10 146 10 148
27 P611 65 10 7 29 7 30 6 48 6 53 7 65
28 P612 99 10 6 40 2 45 4 78 6 98 10 99
28 P613 119 20 4 33 15 41 5 45 4 116 0 119
28 P614 119 10 7 74 8 82 10 97 3 109 6 119
28 P615 45 20 4 35 10 39 4 41 0 43 11 45
28 P616 124 20 2 45 1 63 0 69 19 77 2 124
28 P617 132 20 10 54 8 58 2 71 10 96 4 132
28 P618 66 20 20 40 2 50 3 51 3 61 14 66
28 P619 156 10 4 61 3 102 10 118 7 131 10 156
28 P620 152 10 7 68 5 108 2 121 1 152 3 152
28 P621 62 10 2 29 7 30 6 38 8 50 6 62
28 P622 94 10 0 54 8 54 10 80 1 92 3 94
28 P623 70 10 8 31 3 34 4 52 9 58 10 70
28 P624 69 10 10 28 9 63 10 65 5 66 0 69
28 P625 50 20 11 33 17 35 1 36 4 40 6 50
28 P626 45 10 0 31 1 37 9 41 3 45 2 45
28 P627 120 20 15 30 1 43 6 45 5 62 17 120
28 P628 38 10 9 30 3 30 1 35 5 38 8 38
28 P629 132 10 6 46 5 67 4 107 0 121 7 132
29 P630 91 10 0 55 3 61 0 86 4 91 1 91
29 P631 148 10 8 32 10 39 7 102 10 111 10 148
29 P632 79 20 13 29 12 34 10 41 20 57 0 79
29 P633 50 10 10 38 0 40 2 42 9 47 7 50
29 P634 81 20 5 34 2 36 11 53 1 65 11 81
29 P635 121 20 3 37 15 56 11 79 4 99 1 121
29 P636 67 20 15 45 1 55 15 64 12 65 15 67
29 P637 132 10 10 61 10 79 4 112 10 130 2 132
29 P638 78 10 6 34 0 51 7 68 4 74 6 78
29 P639 33 10 6 30 9 31 5 31 8 31 7 33
29 P640 144 20 1 64 11 101 13 104 20 140 9 144
29 P641 78 20 13 35 18 51 14 66 5 75 14 78
29 P642 93 10 6 37 7 42 4 69 7 80 0 93
29 P643 133 20 3 39 7 62 20 85 8 101 2 133
29 P644 98 10 1 40 2 43 0 89 8 92 5 98
29 P645 105 20 20 40 1 46 13 52 3 72 3 105
29 P646 83 10 4 41 4 41 6 67 4 70 5 83
30 P647 89 20 11 42 20 56 14 62 12 75 4 89
30 P648 101 10 2 38 1 39 1 48 9 59 8 101
30 P649 83 20 3 31 13 43 6 54 4 62 9 83
30 P650 78 10 7 44 7 45 7 59 1 64 1 78
30 P651 135 20 10 48 4 52 2 67 18 97 1 135
30 P652 130 10 9 71 5 102 9 103 4 107 5 130
30 P653 119 10 8 59 6 75 3 110 10 116 10 119
30 P654 97 20 3 57 16 69 16 74 10 77 9 97
30 P655 42 10 0 30 8 30 7 33 7 34 5 42
30 P656 87 10 0 31 1 52 6 67 9 81 10 87
30 P657 53 10 0 31 2 46 0 50 0 50 2 53
30 P658 138 10 5 31 0 34 10 94 4 101 9 138
30 P659 77 10 8 42 5 45 10 48 8 63 9 77
30 P660 42 10 5 31 0 38 6 40 6 41 7 42
30 P661 89 10 5 68 0 72 9 72 4 78 7 89
30 P662 50 10 2 30 6 30 9 33 3 42 4 50
30 P663 115 20 15 36 16 79 8 92 16 95 0 115
30 P664 91 20 16 47 8 55 12 56 1 81 18 91
30 P665 80 20 20 37 10 58 10 65 18 78 7 80
30 P666 132 20 11 51 2 83 7 113 5 114 7 132
30 P667 108 10 0 61 6 62 5 81 9 94 5 108
30 P668 107 20 1 45 10 52 6 68 17 80 11 107
30 P669 116 10 1 38 1 76 10 98 5 116 4 116
31 P670 31 10 6 31 4 31 2 31 9 31 9 31
31 P671 117 10 4 53 7 65 1 79 0 97 7 117
31 P672 68 20 13 42 19 44 12 60 6 62 1 68
31 P673 123 10 3 36 2 46 8 90 6 101 4 123
31 P674 63 20 2 35 1 38 9 54 19 63 15 63
31 P675 32 20 9 31 18 31 16 31 7 32 15 32
31 P676 77 20 1 50 8 52 2 60 2 65 12 77
31 P677 134 10 0 44 4 50 0 97 9 125 0 134
31 P678 42 10 9 34 9 35 3 37 4 39 0 42
31 P679 121 10 1 39 7 63 2 74 0 92 0 121
31 P680 62 20 3 31 15 56 1 57 5 57 16 62
31 P681 89 20 3 33 6 40 11 55 8 55 7 89
31 P682 123 10 7 60 10 63 0 119 10 121 4 123
31 P683 62 20 17 38 15 43 12 55 8 59 17 62
31 P684 85 10 0 35 1 37 6 53 1 58 4 85
31 P685 86 10 1 41 2 48 2 58 6 65 5 86
31 P686 91 10 8 50 0 63 9 71 4 85 3 91
32 P687 143 10 8 34 6 75 1 105 8 118 6 143
32 P688 47 10 0 33 8 35 4 40 6 44 3 47
32 P689 83 10 2 38 7 45 8 58 6 64 0 83
32 P690 142 10 1 66 6 98 7 105 0 117 8 142
32 P691 41 10 6 32 3 32 10 34 6 40 6 41
32 P692 124 10 3 87 5 120 3 122 3 122 10 124
32 P693 109 20 13 40 20 40 7 81 11 91 18 109
32 P694 89 10 4 33 4 39 0 60 2 84 6 89
32 P695 82 20 12 38 7 46 4 78 18 81 0 82
32 P696 62 20 7 36 7 37 20 41 16 59 7 62
32 P697 47 10 1 33 5 38 9 43 9 45 1 47
32 P698 118 20 20 44 18 57 14 62 2 70 18 118
32 P699 77 20 20 43 18 47 13 55 6 69 3 77
32 P700 106 20 14 32 19 36 2 71 9 97 7 106
32 P701 69 20 4 42 19 47 14 51 19 62 2 69
32 P702 150 10 5 43 7 51 3 90 2 147 3 150
32 P703 73 10 9 35 0 39 5 40 5 60 7 73
32 P704 122 20 3 77 19 81 7 117 7 121 14 122
32 P705 135 20 3 99 20 106 19 114 15 116 2 135
32 P706 142 20 3 54 17 86 10 90 18 136 12 142
32 P707 51 10 0 34 4 40 5 40 3 49 3 51
32 P708 93 10 0 37 7 50 1 52 2 80 9 93
32 P709 85 20 12 32 19 35 18 40 14 68 15 85
32 P710 92 10 5 37 8 62 5 79 4 90 3 92
33 P711 93 10 4 59 5 62 0 69 8 77 4 93
33 P712 128 10 6 53 2 57 4 105 8 119 8 128
33 P713 38 10 8 33 1 35 1 37 2 37 8 38
33 P714 125 10 10 39 10 40 8 88 8 112 8 125
33 P715 35 10 9 33 9 34 10 34 7 35 6 35
33 P716 42 20 15 33 19 40 9 41 13 41 7 42
33 P717 62 20 0 33 17 40 18 57 14 59 20 62
33 P718 39 10 0 34 4 35 3 37 2 38 2 39
33 P719 155 20 1 47 17 78 1 97 0 120 5 155
33 P720 115 20 1 34 16 45 13 67 4 103 18 115
33 P721 143 10 6 75 3 79 5 118 1 130 10 143
33 P722 60 20 4 40 20 45 20 54 0 60 0 60
33 P723 39 20 5 34 2 34 18 35 0 37 12 39
33 P724 144 30 13 38 8 59 27 60 29 74 27 144
33 P725 73 20 20 45 15 48 10 56 1 70 19 73
33 P726 165 10 10 108 4 118 6 138 6 143 8 165
33 P727 144 10 0 33 7 40 0 83 2 88 5 144
33 P728 83 20 20 33 3 53 2 65 13 68 7 83
33 P729 49 20 16 33 20 37 16 38 5 48 6 49
33 P730 35 10 2 33 4 33 9 34 2 35 10 35
33 P731 66 20 13 48 10 52 20 53 2 53 4 66
34 P732 67 10 2 39 0 45 0 47 10 64 5 67
34 P733 119 10 3 38 1 62 0 110 1 115 8 119
34 P734 63 20 5 36 3 48 12 62 8 62 3 63
34 P735 122 10 5 82 3 84 9 92 8 104 3 122
34 P736 130 20 2 53 16 105 17 107 0 114 20 130
34 P737 83 10 6 42 5 53 7 64 2 73 7 83
34 P738 57 10 4 45 10 46 9 49 6 52 8 57
34 P739 108 20 11 42 12 44 4 61 17 105 1 108
34 P740 43 20 12 35 2 38 12 41 13 41 14 43
34 P741 83 10 5 50 7 55 0 71 9 71 10 83
34 P742 98 20 18 75 20 81 5 86 5 91 2 98
34 P743 151 20 11 57 4 92 13 100 0 146 9 151
34 P744 74 20 9 39 19 53 9 68 12 72 11 74
34 P745 105 10 3 49 1 51 3 63 1 75 0 105
34 P746 99 20 16 54 15 63 1 65 20 74 5 99
34 P747 141 10 10 50 1 51 1 100 8 123 9 141
34 P748 126 20 13 38 8 51 13 53 15 117 4 126
34 P749 126 10 1 45 6 63 5 117 8 119 4 126
34 P750 96 20 15 40 8 43 19 59 5 60 13 96
34 P751 120 10 3 78 5 90 5 98 9 105 3 120
34 P752 40 20 4 34 10 37 6 40 12 40 14 40
34 P753 116 10 8 49 2 67 2 82 0 96 0 116
34 P754 121 10 4 48 0 69 6 77 5 104 3 121
34 P755 78 10 4 43 2 43 2 54 1 61 2 78
34 P756 79 10 7 37 10 67 3 72 4 73 10 79
34 P757 110 10 5 35 1 56 6 64 7 85 4 110
34 P758 161 10 2 89 9 135 2 157 8 159 1 161
34 P759 110 10 2 39 8 70 0 87 10 96 0 110
35 P760 74 20 16 39 13 42 9 44 1 54 7 74
35 P761 39 10 5 37 1 37 9 38 7 38 2 39
35 P762 86 20 12 43 3 71 18 75 5 82 7 86
35 P763 47 30 8 37 15 37 11 38 5 39 8 47
35 P764 150 30 24 40 29 92 0 114 12 115 11 150
35 P765 87 10 4 54 5 68 8 71 9 76 0 87
35 P766 38 20 18 35 7 35 10 36 20 37 14 38
35 P767 63 10 9 43 6 46 6 50 6 58 0 63
35 P768 85 10 5 35 5 64 4 71 6 77 5 85
35 P769 83 20 2 36 17 48 10 66 8 69 19 83
35 P770 159 20 18 42 17 69 6 73 9 91 14 159
35 P771 98 20 5 63 15 67 2 72 3 76 4 98
35 P772 78 10 5 41 0 47 8 50 2 65 4 78
35 P773 66 10 3 35 7 40 0 44 1 49 7 66
35 P774 47 10 3 35 2 42 1 44 9 45 6 47
35 P775 61 10 7 39 1 40 6 41 0 48 5 61
35 P776 137 20 7 60 8 74 14 104 2 106 17 137
35 P777 116 10 2 42 5 50 4 69 10 80 2 116
35 P778 90 10 5 49 6 64 1 72 1 86 8 90
35 P779 43 20 9 38 11 39 10 40 3 43 18 43
35 P780 107 30 21 59 11 65 2 67 2 75 1 107
35 P781 106 10 3 48 10 56 10 61 5 75 1 106
35 P782 68 10 0 40 7 42 9 62 9 64 6 68
35 P783 109 10 9 36 8 42 0 58 0 98 7 109
36 P784 102 10 9 49 2 69 1 83 6 92 4 102
36 P785 49 20 1 36 2 37 17 47 11 48 13 49
36 P786 95 10 4 45 5 51 8 58 9 73 2 95
36 P787 42 20 5 37 18 38 10 38 8 39 1 42
36 P788 115 10 3 59 9 73 1 93 7 114 6 115
36 P789 77 20 11 39 17 45 20 54 18 62 13 77
36 P790 89 10 0 58 4 69 9 75 5 78 3 89
36 P791 64 10 4 36 0 41 8 45 2 46 9 64
36 P792 113 10 8 54 4 86 6 87 2 91 4 113
36 P793 94 20 10 46 11 48 3 67 13 93 14 94
36 P794 131 10 5 46 2 61 7 70 9 121 4 131
36 P795 105 10 0 60 1 66 2 76 4 79 10 105
36 P796 111 20 11 48 18 50 14 54 2 99 0 111
36 P797 90 10 9 40 4 75 5 78 5 78 5 90
36 P798 137 10 2 64 4 103 6 103 7 111 4 137
36 P799 55 10 10 39 6 40 0 40 2 50 10 55
36 P800 122 20 10 78 1 90 11 91 8 108 4 122
36 P801 117 10 4 53 3 90 5 93 6 111 8 117
36 P802 143 10 7 48 1 52 0 84 0 91 9 143
36 P803 84 10 4 39 7 59 8 70 0 80 7 84
37 P804 135 20 2 49 17 56 5 114 5 133 10 135
37 P805 137 10 7 42 0 54 2 125 4 127 9 137
37 P806 163 10 4 38 7 72 2 75 6 82 8 163
37 P807 88 10 6 46 3 52 2 67 6 79 8 88
37 P808 73 10 5 43 10 55 4 61 0 66 4 73
37 P809 48 10 1 41 2 47 5 47 9 47 7 48
37 P810 59 10 4 39 3 42 8 49 9 57 5 59
37 P811 82 10 7 59 5 62 9 69 7 75 9 82
37 P812 91 10 3 47 2 59 8 70 9 87 9 91
37 P813 103 20 18 39 3 52 19 81 9 90 3 103
37 P814 148 10 7 67 9 86 5 115 8 126 10 148
37 P815 46 20 11 39 20 42 9 42 2 46 17 46
37 P816 145 10 8 61 6 106 8 122 5 128 1 145
37 P817 68 10 10 37 3 59 5 63 2 66 6 68
37 P818 71 20 14 37 6 38 1 40 16 70 5 71
37 P819 84 20 13 38 7 49 8 62 7 69 6 84
37 P820 107 20 17 46 3 51 5 74 10 75 1 107
37 P821 161 20 7 53 17 56 3 81 0 123 6 161
37 P822 38 20 10 37 0 37 5 38 1 38 20 38
37 P823 133 10 5 52 6 109 10 125 10 125 3 133
37 P824 83 10 9 46 9 47 9 68 2 83 9 83
37 P825 49 10 4 39 6 40 0 43 8 46 10 49
37 P826 72 10 10 56 8 59 7 68 5 71 2 72
37 P827 97 20 3 76 6 76 1 88 19 92 10 97
37 P828 74 10 3 42 2 52 2 62 0 66 8 74
37 P829 89 20 9 65 4 74 1 75 0 77 9 89
37 P830 162 20 17 55 13 106 7 123 7 157 5 162
37 P831 92 20 20 47 7 56 15 57 4 62 0 92
37 P832 58 20 2 40 11 52 20 53 4 57 6 58
38 P833 60 20 5 45 3 51 13 54 14 59 4 60
38 P834 161 20 17 127 4 127 8 129 18 151 6 161
38 P835 112 20 13 77 5 81 8 86 2 89 15 112
38 P836 139 10 2 49 8 56 5 85 3 123 9 139
38 P837 71 20 7 39 7 48 1 52 14 70 20 71
38 P838 74 10 6 38 0 40 1 59 9 63 8 74
38 P839 148 10 0 46 6 77 8 118 1 128 5 148
38 P840 61 10 2 47 3 47 0 51 10 53 7 61
38 P841 75 20 12 61 6 62 9 68 1 75 6 75
38 P842 49 10 9 39 2 41 7 47 6 48 3 49
38 P843 49 10 4 39 10 42 0 44 4 47 4 49
38 P844 80 10 7 44 6 68 0 69 7 73 6 80
38 P845 81 10 8 47 10 65 4 66 6 80 9 81
38 P846 163 20 14 96 12 108 18 152 20 157 12 163
38 P847 40 10 2 38 5 38 0 39 1 39 10 40
38 P848 39 20 16 38 18 38 10 39 2 39 13 39
38 P849 108 20 8 39 4 47 15 57 3 77 13 108
38 P850 58 20 11 40 20 51 17 53 1 53 16 58
38 P851 90 10 4 42 6 51 0 55 10 81 0 90
38 P852 55 20 9 41 2 42 18 44 18 55 7 55
39 P853 91 20 10 45 18 60 13 87 0 89 17 91
39 P854 135 20 18 41 12 68 0 114 10 123 10 135
39 P855 86 20 13 46 8 46 7 63 9 75 10 86
39 P856 137 20 13 74 14 86 3 87 18 135 7 137
39 P857 106 20 15 43 1 65 10 94 18 97 4 106
39 P858 89 10 5 42 9 55 5 64 0 87 10 89
39 P859 71 20 10 46 10 47 16 61 4 66 17 71
39 P860 105 10 8 65 2 86 4 87 1 101 5 105
39 P861 122 10 7 42 8 44 9 115 1 116 7 122
39 P862 168 10 2 87 10 112 10 156 4 168 0 0
39 P863 66 10 9 40 1 46 2 47 0 53 5 66
39 P864 114 10 2 41 6 45 9 68 10 113 1 114
39 P865 147 20 0 49 18 87 7 97 13 120 0 147
39 P866 40 10 4 39 1 39 9 39 7 39 7 40
39 P867 68 10 6 47 3 53 0 64 5 64 10 68
39 P868 139 20 19 95 8 121 3 126 7 132 17 139
39 P869 55 10 3 48 7 53 5 54 10 54 8 55
39 P870 56 10 5 40 5 43 9 45 5 50 9 56
40 P871 69 20 2 42 1 43 10 57 12 65 4 69
40 P872 52 10 10 42 1 43 3 46 7 46 8 52
40 P873 54 10 0 42 2 46 6 52 0 52 8 54
40 P874 136 20 4 51 20 79 2 124 1 126 16 136
40 P875 128 20 6 64 15 68 9 93 18 109 9 128
40 P876 139 10 10 48 8 77 4 95 1 133 0 139
40 P877 124 20 9 51 3 77 14 103 17 121 6 124
40 P878 61 20 12 40 12 40 13 46 16 52 19 61
40 P879 63 10 2 58 9 60 10 62 2 63 9 63
40 P880 129 20 3 74 19 75 9 121 11 124 7 129
40 P881 119 20 3 74 19 88 9 92 5 97 13 119
40 P882 114 20 1 50 7 52 14 54 8 75 18 114
40 P883 75 10 1 43 3 61 5 67 4 72 2 75
40 P884 81 20 4 42 20 43 4 48 5 51 6 81
40 P885 96 10 6 42 7 52 4 68 0 68 10 96
40 P886 148 20 2 47 18 66 20 103 4 124 15 148
40 P887 41 10 6 40 3 40 3 41 8 41 1 41
40 P888 68 10 10 43 5 48 2 59 6 66 8 68
40 P889 112 20 13 41 14 62 17 92 6 111 4 112
40 P890 53 10 0 40 1 46 4 50 10 51 6 53
40 P891 70 10 8 47 2 54 1 61 3 64 2 70
40 P892 61 20 2 42 12 49 3 52 10 56 18 61
40 P893 64 10 2 45 2 46 3 52 10 64 10 64
40 P894 104 10 6 42 8 71 7 93 4 94 9 104
40 P895 116 10 5 46 8 77 1 85 9 91 3 116
40 P896 45 20 20 40 10 43 12 44 10 45 11 45
40 P897 142 10 7 64 8 66 7 105 1 123 5 142
40 P898 40 30 24 40 21 40 27 40 22 40 10 40
40 P899 90 20 0 43 8 44 10 45 13 71 0 90
41 P900 52 20 9 42 4 47 17 48 1 50 12 52
41 P901 58 10 2 44 3 49 3 50 4 52 4 58
41 P902 48 10 1 41 3 41 8 42 6 45 1 48
41 P903 101 10 6 52 7 58 2 68 0 76 4 101
41 P904 51 10 7 45 3 45 7 48 3 50 0 51
41 P905 115 10 6 53 1 86 8 86 7 92 1 115
41 P906 67 20 5 42 10 42 17 46 6 63 2 67
41 P907 96 20 15 49 17 63 6 73 5 74 10 96
41 P908 51 10 0 42 3 45 1 49 1 50 6 51
41 P909 132 10 7 75 10 77 3 118 6 128 2 132
41 P910 49 20 13 41 5 45 4 46 14 47 6 49
41 P911 122 10 1 45 0 49 10 65 6 82 9 122
41 P912 80 10 1 43 3 75 0 76 5 77 4 80
41 P913 61 10 0 42 3 43 6 49 6 49 2 61
41 P914 52 20 0 44 4 46 9 51 15 52 4 52
41 P915 67 10 1 41 5 42 4 50 3 62 6 67
41 P916 108 10 9 43 9 72 5 82 2 103 2 108
41 P917 58 30 11 45 12 47 26 52 1 54 30 58
41 P918 105 10 9 41 6 82 0 84 2 96 0 105
41 P919 67 10 5 44 3 46 8 48 5 57 7 67
41 P920 108 20 2 68 12 69 4 78 14 91 16 108
41 P921 45 10 0 42 4 42 7 43 1 44 6 45
41 P922 80 10 1 51 8 51 6 56 9 60 6 80
41 P923 155 20 10 57 17 84 8 110 9 154 16 155
41 P924 127 10 0 45 7 53 7 72 3 107 4 127
41 P925 119 20 3 43 2 44 2 66 6 106 6 119
42 P926 69 20 9 49 12 52 9 55 9 65 6 69
42 P927 108 20 15 73 14 92 20 97 18 99 14 108
42 P928 138 20 12 87 13 95 16 117 19 119 19 138
42 P929 87 20 15 51 17 62 12 65 6 76 8 87
42 P930 136 10 10 72 4 76 9 77 1 105 1 136
42 P931 64 20 9 54 20 55 13 57 18 61 3 64
42 P932 129 30 7 89 30 102 2 106 30 106 14 129
42 P933 53 10 9 42 7 46 9 52 10 52 1 53
42 P934 152 20 20 48 6 67 15 119 15 131 1 152
42 P935 81 20 14 45 16 47 5 48 9 75 4 81
42 P936 165 10 6 88 1 96 10 100 2 127 6 165
42 P937 82 10 6 50 10 61 10 63 4 73 10 82
42 P938 74 20 1 52 8 54 16 66 15 70 12 74
42 P939 50 20 8 42 5 44 18 45 7 48 15 50
42 P940 115 10 3 62 0 67 2 68 0 74 1 115
42 P941 45 20 5 42 10 43 0 44 8 45 2 45
42 P942 52 10 8 46 7 47 4 51 5 52 7 52
42 P943 77 10 4 50 4 55 0 58 4 58 7 77
42 P944 147 10 10 43 2 123 1 143 7 144 9 147
42 P945 43 10 0 42 4 43 9 43 2 43 9 43
42 P946 59 10 10 42 7 43 5 44 10 55 9 59
42 P947 136 20 1 63 0 96 18 122 19 133 12 136
43 P948 50 10 7 43 9 43 3 44 0 46 8 50
43 P949 54 10 1 43 4 43 9 48 4 50 5 54
43 P950 62 20 3 46 16 58 20 59 20 59 6 62
43 P951 86 10 1 51 1 52 3 58 8 71 3 86
43 P952 97 10 8 43 1 50 0 87 2 88 5 97
43 P953 146 10 7 87 7 111 4 116 8 130 7 146
43 P954 94 10 9 57 5 62 3 62 5 84 5 94
43 P955 129 10 6 43 6 62 0 68 2 80 10 129
43 P956 130 20 4 43 2 72 0 76 14 91 18 130
43 P957 150 20 11 54 19 73 12 74 19 109 6 150
43 P958 154 10 8 78 1 124 0 137 6 150 0 154
43 P959 106 10 1 91 8 93 3 101 0 106 4 106
43 P960 109 20 19 45 18 76 14 98 3 103 1 109
43 P961 54 20 8 44 2 45 5 46 7 48 16 54
43 P962 115 10 1 47 9 68 6 74 8 98 5 115
43 P963 116 10 4 58 9 60 5 66 0 79 0 116
43 P964 101 10 3 43 6 68 1 71 8 76 10 101
44 P965 67 20 20 47 5 53 20 56 5 57 8 67
44 P966 82 30 8 47 17 57 10 71 10 80 27 82
44 P967 47 10 10 44 4 44 3 45 4 46 8 47
44 P968 105 10 4 45 9 48 1 49 1 93 1 105
44 P969 135 10 4 49 7 51 6 80 8 127 2 135
44 P970 59 20 15 45 2 45 4 48 16 49 15 59
44 P971 64 20 18 44 9 51 15 54 19 61 9 64
44 P972 80 10 10 45 1 57 0 58 9 70 7 80
44 P973 84 10 2 58 3 74 8 75 7 79 7 84
44 P974 44 20 18 44 17 44 19 44 11 44 9 44
44 P975 87 20 12 55 17 57 0 72 20 85 1 87
44 P976 134 10 5 64 8 65 7 83 2 94 3 134
44 P977 71 20 18 53 13 60 9 68 19 69 5 71
44 P978 66 20 18 47 12 51 15 52 7 58 19 66
44 P979 138 10 2 71 5 103 0 126 7 130 4 138
44 P980 50 10 3 44 4 47 3 48 7 48 5 50
44 P981 138 10 1 76 8 90 7 93 5 93 1 138
45 P982 126 20 1 67 14 75 20 83 2 97 4 126
45 P983 69 10 5 55 9 57 0 66 1 66 7 69
45 P984 61 20 9 49 2 50 14 53 0 61 14 61
45 P985 150 20 16 46 19 57 17 90 15 128 7 150
45 P986 84 20 3 49 3 67 2 70 17 70 18 84
45 P987 86 20 19 46 7 55 3 55 15 81 4 86
45 P988 151 20 9 49 18 62 16 108 9 118 15 151
45 P989 103 10 5 60 1 77 3 91 5 94 5 103
45 P990 115 20 20 51 18 82 12 89 5 97 18 115
45 P991 137 20 15 62 0 67 7 95 16 129 8 137
45 P992 100 10 5 63 6 64 4 69 5 90 5 100
45 P993 70 20 20 45 6 50 1 51 17 58 14 70
45 P994 165 20 7 65 20 107 10 121 3 143 3 165
45 P995 121 10 3 74 9 89 1 102 7 121 8 121
45 P996 107 10 0 53 4 68 0 77 4 93 2 107
45 P997 148 20 7 74 7 84 9 113 4 141 18 148
45 P998 96 10 10 62 9 68 10 81 9 82 1 96
45 P999 54 20 9 46 10 46 9 52 0 53 16 54
